	 Yp		 H2/H		 He3/H		 Li7/H		 Li6/H		 Be7/H
  low:	 2.462e-01	 2.641e-05	 3.107e-05	 1.408e-09	 3.314e-15	 1.092e-09
 cent:	 2.462e-01	 2.347e-05	 1.022e-05	 5.678e-10	 1.019e-14	 5.408e-10
 high:	 2.462e-01	 2.338e-05	 4.297e-06	 2.290e-10	 3.274e-14	 2.184e-10

--------------------

With uncertainties:
	 Yp		 H2/H		 He3/H		 Li7/H		 Li6/H		 Be7/H
value:	 2.462e-01	 2.347e-05	 1.022e-05	 5.678e-10	 1.019e-14	 5.408e-10
 +/- :	 3.205e-04	 8.658e-07	 4.421e-06	 2.500e-10	 1.015e-14	 2.420e-10

Correlation matrix:
	 Yp		 H2/H		 He3/H		 Li7/H		 Li6/H		 Be7/H
Yp	 1.000000	 0.014264	 -0.025355	 -0.017227	 0.002196	 -0.016858
H2/H	 0.014264	 1.000000	 0.154801	 0.194387	 0.036583	 0.188095
He3/H	 -0.025355	 0.154801	 1.000000	 0.983326	 0.008810	 0.981702
Li7/H	 -0.017227	 0.194387	 0.983326	 1.000000	 0.010138	 0.999481
Li6/H	 0.002196	 0.036583	 0.008810	 0.010138	 1.000000	 0.009820
Be7/H	 -0.016858	 0.188095	 0.981702	 0.999481	 0.009820	 1.000000

Compatible with BBN constraints (conservative limits)
Compatible with BBN constraints (chi2 including correlations)
