	 Yp		 H2/H		 He3/H		 Li7/H		 Li6/H		 Be7/H
  low:	 2.462e-01	 2.640e-05	 3.107e-05	 1.408e-09	 3.314e-15	 1.092e-09
 cent:	 2.462e-01	 2.347e-05	 1.022e-05	 5.678e-10	 1.019e-14	 5.408e-10
 high:	 2.462e-01	 2.340e-05	 4.287e-06	 2.290e-10	 3.271e-14	 2.184e-10

--------------------

With uncertainties:
	 Yp		 H2/H		 He3/H		 Li7/H		 Li6/H		 Be7/H
value:	 2.462e-01	 2.347e-05	 1.022e-05	 5.678e-10	 1.019e-14	 5.408e-10
 +/- :	 3.205e-04	 8.667e-07	 4.421e-06	 2.499e-10	 1.015e-14	 2.420e-10

Correlation matrix:
	 Yp		 H2/H		 He3/H		 Li7/H		 Li6/H		 Be7/H
Yp	 1.000000	 0.014668	 -0.025421	 -0.017244	 0.002226	 -0.016858
H2/H	 0.014668	 1.000000	 0.156579	 0.196665	 0.036848	 0.190650
He3/H	 -0.025421	 0.156579	 1.000000	 0.983284	 0.008880	 0.981637
Li7/H	 -0.017244	 0.196665	 0.983284	 1.000000	 0.010247	 0.999484
Li6/H	 0.002226	 0.036848	 0.008880	 0.010247	 1.000000	 0.009938
Be7/H	 -0.016858	 0.190650	 0.981637	 0.999484	 0.009938	 1.000000

Compatible with BBN constraints (conservative limits)
Compatible with BBN constraints (chi2 including correlations)
